0.0,
0.01570730404550854,
0.031410732555324214,
0.04710641094998297,
0.06279046656224248,
0.07845902959260323,
0.09410823406412197,
0.10973421877628216,
0.12533312825768572,
0.14090111371733136,
0.1564343339942445,
0.17192895650522477,
0.18738115819047688,
0.20278712645689184,
0.21814306011874568,
0.23344517033558357,
0.24868968154705792,
0.26387283240448994,
0.2789908766989242,
0.29404008428544864,
0.30901674200355006,
0.3239171545932794,
0.33873764560700037,
0.3534745583164964,
0.3681242566152121,
0.3826831259154065,
0.39714757403999695,
0.41151403210887394,
0.42577895541946686,
0.43993882432134523,
0.45399014508463803,
0.4679294507620581,
0.4817533020443179,
0.4954582881087261,
0.5090410274607557,
0.5224981687683758,
0.5358263916889416,
0.5490224076884371,
0.5620829608528708,
0.5750048286916223,
0.5877848229325425,
0.6004197903086105,
0.6129066133359534,
0.6252422110830382,
0.6374235399308442,
0.6494475943238284,
0.6613114075115006,
0.6730120522804242,
0.6845466416764595,
0.6959123297170767,
0.7071063120935576,
0.7181258268629154,
0.7289681551293625,
0.7396306217151556,
0.7501105958206546,
0.7604054916734325,
0.7705127691662744,
0.7804299344839102,
0.7901545407183249,
0.7996841884724959,
0.8090165264524072,
0.8181492520471947,
0.8270801118972805,
0.8358069024503542,
0.8443274705050661,
0.8526397137422961,
0.8607415812438689,
0.868631073998586,
0.8763062453954519,
0.8837652017039692,
0.8910061025413888,
0.8980271613267949,
0.904826645721917,
0.9114028780585576,
0.9177542357525308,
0.9238791517040105,
0.9297761146841875,
0.9354436697081426,
0.9408804183938413,
0.9460850193071635,
0.9510561882928809,
0.9557926987915037,
0.9602933821419146,
0.9645571278697178,
0.9685828839612322,
0.9723696571230585,
0.9759165130271601,
0.9792225765413941,
0.9822870319454359,
0.985109123132046,
0.9876881537936286,
0.9900234875940337,
0.9921145483255636,
0.9939608200511437,
0.9955618472316217,
0.9969172348381646,
0.9980266484497268,
0.9988898143355622,
0.9995065195227645,
0.9998766118488135,
0.9999999999991198,
0.9998766535295551,
0.9995066028739638,
0.9988899393366536,
0.9980268150698679,
0.9969174430362447,
0.9955620969562711,
0.9939611112407467,
0.9921148809082736,
0.9900238614877909,
0.9876885689061807,
0.9851095793609702,
0.9822875291781648,
0.9792231146552431,
0.975917091889358,
0.9723702765907798,
0.9685835438816328,
0.9645578280799727,
0.9602941224692576,
0.9557934790532703,
0.9510570082965535,
0.9460858788504188,
0.9408813172646004,
0.9354446076846229,
0.9297770915349577,
0.9238801671880476,
0.9177552896192799,
0.911403970047993,
0.9048277755646075,
0.898028328743969,
0.8910073072450042,
0.8837664433967838,
0.8763075237710971,
0.8686323887416425,
0.8607429320299439,
0.852641100238104,
0.84432889236851,
0.8358083593306116,
0.8270816034348885,
0.8181507778741394,
0.8090180861922142,
0.7996857817403235,
0.7901561671210583,
0.7804315936202599,
0.7705144606268741,
0.7604072150409403,
0.750112350669856,
0.7396324076130684,
0.7289699716353439,
0.7181276735287707,
0.7071081884636503,
0.6959142353284415,
0.6845485760589161,
0.6730140149566929,
0.6613133979973218,
0.6494496121280801,
0.6374255845556643,
0.6252442820239471,
0.6129087100819778,
0.6004219123424109,
0.58778696973054,
0.5750069997241273,
0.5620851555842143,
0.5490246255771027,
0.5358286321876997,
0.5225004313244179,
0.5090433115158306,
0.49546059309927853,
0.48175562740162653,
0.46793179591237716,
0.4539925094493377,
0.4399412073170549,
0.425781356458219,
0.4115164505982492,
0.39715000938326983,
0.38268557751169385,
0.36812672385962036,
0.3534770406002709,
0.33874014231767574,
0.3239196651148303,
0.3090192657165443,
0.29404262056719893,
0.27899342492364193,
0.2638753919434399,
0.24869225176871326,
0.23344775060578116,
0.21814564980084397,
0.20278972491192662,
0.18738376477731933,
0.17193157058073966,
0.15643695491344847,
0.14090374083355334,
0.12533576092272522,
0.10973685634056955,
0.09411087587687883,
0.07846167500200243,
0.06279311491557042,
0.04710906159379917,
0.03141338483562309,
0.015709957307880718,
2.65358979335273e-06,
-0.015704650783026037,
-0.03140808027480427,
-0.04710376030583501,
-0.06278781820847218,
-0.07845638418265115,
-0.09410559225070278,
-0.10973158121122224,
-0.12533049559176368,
-0.14089848660011703,
-0.15643171307393866,
-0.1719263424284996,
-0.1873785516023152,
-0.20278452800042918,
-0.2181404704351112,
-0.23344259006374188,
-0.24868711132365146,
-0.26387027286368214,
-0.27898832847224203,
-0.29403754800162785,
-0.30901421828837966,
-0.32391464406944726,
-0.33873514889394,
-0.35347207603023306,
-0.3681217893682117,
-0.3826806743164243,
-0.3971451386939273,
-0.4115116136166014,
-0.4257765543777168,
-0.43993644132253773,
-0.4539877807167415,
-0.4679271056084439,
-0.481750976683617,
-0.49545598311468503,
-0.5090387434020964,
-0.5224959062086547,
-0.5358241511864104,
-0.5490201897959053,
-0.5620807661175696,
-0.5750026576550686,
-0.5877826761304061,
-0.6004176682705819,
-0.6129045165856128,
-0.625240140137727,
-0.6374214953015358,
-0.6494455765150036,
-0.6613094170210229,
-0.6730100895994162,
-0.6845447072891828,
-0.6959104241008118,
-0.7071044357184857,
-0.7181239801920033,
-0.7289663386182478,
-0.7396288358120344,
-0.7501088409661715,
-0.7604037683005701,
-0.7705110777002491,
-0.780428275342065,
-0.7901529143100272,
-0.7996825951990376,
-0.8090149667069033,
-0.8181477262144891,
-0.8270786203538487,
-0.8358054455642112,
-0.8443260486356767,
-0.8526383272404843,
-0.860740230451733,
-0.8686297592494132,
-0.8763049670136359,
-0.8837639600049316,
-0.8910048978314993,
-0.8980259939032974,
-0.9048255158728554,
-0.9114017860627043,
-0.9177531818793195,
-0.9238781362134677,
-0.9297751378268704,
-0.9354427317250753,
-0.940879519516457,
-0.9460841597572462,
-0.9510553682825112,
-0.9557919185230069,
-0.9602926418078097,
-0.964556427652671,
-0.9685822240340112,
-0.97236903764849,
-0.9759159341580904,
-0.9792220384206498,
-0.9822865347057901,
-0.9851086668961853,
-0.9876877386741217,
-0.9900231136933051,
-0.9921142157358676,
-0.9939605288545418,
-0.995561597499962,
-0.9969170266330647,
-0.9980264818225579,
-0.9988896893274373,
-0.9995064361645271,
-0.9998765701610312,
-0.9999999999920782,
-0.9998766952032562,
-0.9995066862181251,
-0.9988900643307111,
-0.9980269816829815,
-0.996917651227305,
-0.9955623466739102,
-0.9939614024233506,
-0.9921152134839974,
-0.990024235374577,
-0.987688984011778,
-0.9851100355829577,
-0.9822880264039768,
-0.9792236527621969,
-0.975917670744684,
-0.9723708960516542,
-0.9685842037952132,
-0.9645585282834357,
-0.9602948627898384,
-0.9557942593083067,
-0.9510578282935293,
-0.9460867383870122,
-0.9408822161287343,
-0.9354455456545161,
-0.9297780683791809,
-0.9238811826655792,
-0.9177563434795663,
-0.911405062031011,
-0.9048289054009263,
-0.8980294961548195,
-0.8910085119423454,
-0.8837676850833753,
-0.8763088021405719,
-0.8686337034785824,
-0.860744282809958,
-0.8526424867279078,
-0.8443303142260087,
-0.8358098162049838,
-0.8270830949666725,
-0.8181523036953231,
-0.8090196459263242,
-0.79968737500252,
-0.790157793518228,
-0.7804332527511142,
-0.7705161520820484,
-0.7604089384030935,
-0.7501141055137757,
-0.7396341935057732,
-0.7289717881361923,
-0.7181295201895695,
-0.7071100648287638,
-0.6959161409349061,
-0.6845505104365519,
-0.6730159776282225,
-0.6613153884784864,
-0.6494516299277584,
-0.6374276291759962,
-0.6252463529604531,
-0.6129108068236864,
-0.6004240343719839,
-0.5877891165243982,
-0.5750091707525834,
-0.5620873503115996,
-0.5490268434619023,
-0.535830872682685,
-0.5225026938767805,
-0.5090455955673212,
-0.49546289808634186,
-0.4817579527555437,
-0.46793414105940156,
-0.4539948738108404,
-0.4399435903096669,
-0.4257837574939727,
-0.41151886908472673,
-0.3971524447237465,
-0.38268802910528643,
-0.3681291911014366,
-0.35347952288155604,
-0.3387426390259659,
-0.3239221756341007,
-0.3090217894273625,
-0.29404515684687893,
-0.2789959731463949,
-0.26387795148053184,
-0.24869482198861698,
-0.23345033087433484,
-0.21814823948140646,
-0.20279232336553318,
-0.18738637136284242,
-0.17193418465504348,
-0.15643957583155085,
-0.14090636794878347,
-0.12533839358688192,
-0.10973949390408436,
-0.09411351768897261,
-0.07846432041084914,
-0.06279576326845653,
-0.04711171223728346,
-0.03141603711570093,
-0.01571261057014191,
